0.95
0.95
1.043
1.043
1.043
1.043
1.292
1.292
1.3
1.3
1.4
1.433
1.435
1.435
1.435
1.435
1.435
1.435
1.435
1.444
1.444
1.447
1.447
1.447
1.447
1.5
1.5
1.5
1.533
1.533
1.533
1.556
1.556
1.556
1.56
1.56
1.565
1.565
1.565
1.567
1.567
1.567
1.571
1.583
1.583
1.583
1.583
1.583
1.595
1.6
1.6
1.6
1.6
1.6
1.6
1.625
1.625
1.625
1.625
1.667
1.667
1.667
1.667
1.667
1.688
1.69
1.69
1.69
1.7
1.7
1.708
1.708
1.708
1.708
1.708
1.714
1.714
1.714
1.722
1.722
1.722
1.738
1.738
1.738
1.75
1.75
1.75
1.769
1.775
1.775
1.778
1.778
1.781
1.786
1.786
1.786
1.786
1.804
1.804
1.81
1.81
1.81
1.813
1.827
1.827
1.833
1.833
1.833
1.833
1.833
1.848
1.857
1.857
1.857
1.857
1.857
1.861
1.861
1.867
1.867
1.867
1.867
1.867
1.875
1.881
1.881
1.881
1.889
1.889
1.889
1.889
1.9
1.9
1.9
1.905
1.905
1.905
1.905
1.905
1.905
1.905
1.905
1.905
1.913
1.913
1.929
1.929
1.933
1.938
1.952
1.952
1.952
1.952
1.952
1.955
1.964
1.978
1.978
1.978
1.979
2.0
2.0
2.0
2.0
2.0
2.0
2.0
2.0
2.0
2.0
2.0
2.0
2.0
2.0
2.0
2.0
2.0
2.0
2.0
2.0
2.0
2.0
2.0
2.0
2.0
2.036
2.036
2.038
2.038
2.038
2.038
2.042
2.063
2.068
2.068
2.068
2.071
2.071
2.071
2.071
2.095
2.095
2.095
2.095
2.095
2.095
2.095
2.1
2.1
2.107
2.107
2.107
2.111
2.119
2.119
2.125
2.125
2.125
2.125
2.125
2.125
2.125
2.14
2.14
2.14
2.14
2.143
2.146
2.154
2.154
2.158
2.158
2.16
2.16
2.167
2.167
2.167
2.167
2.167
2.167
2.167
2.167
2.167
2.167
2.167
2.179
2.179
2.214
2.214
2.214
2.214
2.214
2.214
2.214
2.214
2.214
2.214
2.214
2.214
2.214
2.214
2.214
2.231
2.231
2.231
2.237
2.237
2.238
2.25
2.25
2.25
2.262
2.262
2.262
2.262
2.267
2.278
2.278
2.278
2.278
2.278
2.278
2.278
2.28
2.28
2.28
2.286
2.286
2.286
2.286
2.286
2.3
2.3
2.3
2.3
2.3
2.3
2.3
2.3
2.3
2.31
2.31
2.31
2.31
2.31
2.325
2.325
2.327
2.333
2.333
2.333
2.333
2.333
2.333
2.342
2.342
2.342
2.342
2.348
2.348
2.348
2.357
2.357
2.357
2.357
2.357
2.357
2.357
2.357
2.361
2.361
2.361
2.361
2.361
2.367
2.367
2.367
2.375
2.375
2.393
2.393
2.393
2.395
2.395
2.396
2.396
2.396
2.4
2.4
2.4
2.4
2.4
2.4
2.4
2.404
2.404
2.404
2.417
2.417
2.417
2.417
2.417
2.417
2.423
2.423
2.429
2.429
2.429
2.429
2.432
2.432
2.433
2.433
2.433
2.435
2.438
2.438
2.438
2.444
2.444
2.447
2.447
2.455
2.455
2.457
2.457
2.457
2.457
2.457
2.457
2.457
2.457
2.462
2.462
2.462
2.464
2.467
2.467
2.467
2.472
2.472
2.472
2.472
2.5
2.5
2.5
2.5
2.5
2.5
2.5
2.5
2.5
2.5
2.5
2.5
2.5
2.5
2.5
2.5
2.5
2.5
2.5
2.5
2.5
2.5
2.5
2.5
2.5
2.52
2.52
2.521
2.521
2.525
2.525
2.525
2.526
2.526
2.526
2.528
2.528
2.528
2.528
2.533
2.533
2.536
2.536
2.536
2.542
2.542
2.542
2.542
2.542
2.545
2.548
2.548
2.548
2.55
2.55
2.556
2.556
2.556
2.556
2.556
2.558
2.56
2.56
2.56
2.56
2.56
2.56
2.563
2.563
2.565
2.565
2.565
2.567
2.567
2.567
2.567
2.567
2.567
2.567
2.571
2.571
2.571
2.571
2.575
2.577
2.577
2.577
2.583
2.583
2.583
2.583
2.583
2.594
2.595
2.595
2.595
2.6
2.6
2.6
2.6
2.6
2.6
2.6
2.6
2.6
2.6
2.6
2.6
2.6
2.605
2.605
2.605
2.605
2.607
2.607
2.607
2.607
2.607
2.607
2.607
2.607
2.611
2.614
2.614
2.619
2.619
2.619
2.619
2.62
2.62
2.62
2.625
2.625
2.625
2.625
2.625
2.625
2.632
2.632
2.633
2.633
2.633
2.633
2.633
2.639
2.639
2.639
2.639
2.639
2.64
2.643
2.643
2.643
2.643
2.643
2.643
2.643
2.643
2.643
2.643
2.646
2.646
2.646
2.646
2.646
2.646
2.65
2.65
2.65
2.65
2.652
2.654
2.656
2.656
2.656
2.658
2.659
2.659
2.659
2.667
2.667
2.667
2.667
2.667
2.667
2.667
2.667
2.667
2.667
2.667
2.667
2.667
2.667
2.667
2.667
2.667
2.667
2.667
2.667
2.667
2.667
2.667
2.667
2.68
2.68
2.68
2.68
2.682
2.684
2.684
2.684
2.684
2.688
2.688
2.688
2.69
2.7
2.7
2.7
2.7
2.7
2.7
2.7
2.7
2.7
2.705
2.705
2.705
2.705
2.708
2.708
2.708
2.714
2.714
2.714
2.714
2.714
2.714
2.714
2.714
2.714
2.719
2.72
2.722
2.722
2.722
2.722
2.725
2.725
2.725
2.725
2.725
2.733
2.733
2.733
2.733
2.733
2.739
2.739
2.739
2.739
2.739
2.74
2.75
2.75
2.75
2.75
2.75
2.75
2.75
2.75
2.75
2.75
2.75
2.75
2.75
2.75
2.76
2.761
2.761
2.761
2.762
2.762
2.762
2.762
2.763
2.763
2.763
2.763
2.763
2.763
2.763
2.767
2.767
2.767
2.767
2.767
2.769
2.769
2.769
2.769
2.769
2.769
2.769
2.769
2.775
2.778
2.778
2.778
2.778
2.778
2.778
2.778
2.78
2.78
2.783
2.783
2.783
2.783
2.786
2.786
2.786
2.792
2.792
2.792
2.792
2.792
2.792
2.792
2.792
2.8
2.8
2.8
2.8
2.8
2.8
2.8
2.8
2.8
2.804
2.804
2.804
2.804
2.806
2.806
2.808
2.808
2.808
2.808
2.808
2.808
2.808
2.808
2.808
2.81
2.81
2.81
2.813
2.813
2.813
2.816
2.816
2.82
2.82
2.821
2.821
2.825
2.827
2.827
2.827
2.827
2.833
2.833
2.833
2.833
2.833
2.833
2.833
2.833
2.833
2.833
2.833
2.833
2.833
2.833
2.833
2.833
2.833
2.833
2.833
2.833
2.833
2.833
2.833
2.833
2.833
2.846
2.846
2.846
2.846
2.846
2.846
2.846
2.85
2.854
2.854
2.854
2.854
2.857
2.857
2.857
2.857
2.857
2.857
2.857
2.857
2.857
2.857
2.857
2.861
2.861
2.861
2.861
2.861
2.861
2.867
2.867
2.867
2.867
2.867
2.867
2.867
2.868
2.868
2.868
2.87
2.875
2.875
2.875
2.875
2.875
2.875
2.875
2.875
2.875
2.875
2.875
2.875
2.875
2.875
2.875
2.875
2.875
2.875
2.88
2.881
2.881
2.885
2.885
2.886
2.886
2.889
2.889
2.889
2.889
2.889
2.893
2.893
2.893
2.893
2.893
2.893
2.9
2.9
2.9
2.9
2.9
2.9
2.9
2.9
2.9
2.9
2.9
2.9
2.9
2.9
2.9
2.905
2.905
2.905
2.905
2.905
2.906
2.909
2.909
2.917
2.917
2.917
2.917
2.917
2.921
2.921
2.921
2.921
2.921
2.925
2.925
2.929
2.929
2.929
2.929
2.929
2.929
2.929
2.929
2.929
2.929
2.929
2.929
2.929
2.929
2.929
2.929
2.929
2.929
2.929
2.929
2.929
2.932
2.932
2.932
2.932
2.932
2.932
2.933
2.933
2.933
2.933
2.933
2.933
2.933
2.933
2.933
2.933
2.933
2.938
2.938
2.938
2.938
2.938
2.944
2.944
2.944
2.944
2.944
2.947
2.947
2.947
2.947
2.947
2.947
2.947
2.947
2.947
2.95
2.95
2.952
2.952
2.952
2.952
2.957
2.957
2.957
2.958
2.962
2.962
2.964
2.964
2.964
2.964
2.967
2.967
2.967
2.967
2.967
2.967
2.967
2.967
2.967
2.967
2.967
2.967
2.967
2.967
2.967
2.972
2.972
2.972
2.972
2.972
2.972
2.974
2.974
2.974
2.974
2.974
2.975
2.975
2.975
2.976
2.976
2.976
2.978
2.978
2.981
2.981
2.981
3.0
3.0
3.0
3.0
3.0
3.0
3.0
3.0
3.0
3.0
3.0
3.0
3.0
3.0
3.0
3.0
3.0
3.0
3.0
3.0
3.0
3.0
3.0
3.0
3.0
3.0
3.0
3.0
3.0
3.0
3.0
3.0
3.0
3.0
3.0
3.0
3.0
3.0
3.0
3.0
3.0
3.0
3.0
3.0
3.0
3.0
3.0
3.0
3.0
3.0
3.0
3.0
3.0
3.0
3.019
3.019
3.02
3.02
3.02
3.023
3.023
3.023
3.023
3.024
3.025
3.031
3.031
3.033
3.033
3.036
3.036
3.036
3.036
3.042
3.042
3.042
3.042
3.042
3.042
3.042
3.045
3.045
3.045
3.045
3.045
3.045
3.045
3.045
3.048
3.048
3.048
3.048
3.048
3.05
3.05
3.05
3.05
3.05
3.05
3.05
3.05
3.053
3.053
3.053
3.053
3.053
3.056
3.056
3.056
3.056
3.056
3.056
3.056
3.056
3.056
3.056
3.063
3.063
3.063
3.063
3.067
3.068
3.071
3.071
3.071
3.071
3.071
3.071
3.071
3.071
3.071
3.075
3.075
3.075
3.077
3.077
3.077
3.077
3.077
3.077
3.077
3.077
3.077
3.079
3.079
3.083
3.083
3.083
3.083
3.083
3.083
3.083
3.083
3.1
3.1
3.1
3.1
3.1
3.1
3.1
3.1
3.1
3.1
3.105
3.105
3.105
3.107
3.107
3.107
3.107
3.107
3.107
3.107
3.107
3.107
3.107
3.107
3.107
3.107
3.107
3.107
3.107
3.107
3.109
3.109
3.109
3.109
3.111
3.111
3.111
3.119
3.119
3.125
3.125
3.125
3.125
3.125
3.125
3.125
3.125
3.125
3.125
3.125
3.125
3.125
3.125
3.125
3.125
3.125
3.132
3.132
3.132
3.132
3.132
3.133
3.133
3.133
3.133
3.133
3.136
3.136
3.136
3.136
3.136
3.136
3.136
3.139
3.139
3.143
3.143
3.143
3.143
3.143
3.143
3.15
3.152
3.152
3.154
3.154
3.156
3.156
3.158
3.158
3.158
3.158
3.158
3.158
3.167
3.167
3.167
3.167
3.167
3.167
3.167
3.167
3.167
3.167
3.167
3.167
3.167
3.167
3.167
3.167
3.167
3.167
3.167
3.167
3.167
3.174
3.174
3.175
3.175
3.175
3.175
3.179
3.179
3.182
3.184
3.184
3.184
3.188
3.188
3.188
3.19
3.19
3.19
3.19
3.19
3.192
3.192
3.192
3.192
3.194
3.2
3.2
3.2
3.2
3.2
3.2
3.2
3.2
3.2
3.2
3.2
3.2
3.2
3.205
3.211
3.211
3.214
3.214
3.214
3.214
3.214
3.214
3.214
3.214
3.214
3.217
3.217
3.217
3.217
3.219
3.219
3.219
3.219
3.219
3.219
3.219
3.219
3.219
3.22
3.22
3.22
3.222
3.222
3.225
3.225
3.225
3.225
3.227
3.231
3.231
3.231
3.231
3.231
3.231
3.231
3.231
3.231
3.231
3.231
3.231
3.231
3.231
3.231
3.233
3.233
3.233
3.238
3.238
3.238
3.239
3.239
3.25
3.25
3.25
3.25
3.25
3.25
3.25
3.25
3.25
3.25
3.25
3.25
3.25
3.25
3.25
3.25
3.25
3.25
3.25
3.25
3.25
3.25
3.25
3.25
3.25
3.25
3.25
3.25
3.25
3.25
3.25
3.25
3.25
3.25
3.25
3.25
3.25
3.25
3.25
3.25
3.263
3.263
3.263
3.263
3.263
3.267
3.269
3.269
3.269
3.269
3.275
3.275
3.275
3.275
3.275
3.278
3.278
3.278
3.278
3.278
3.278
3.278
3.278
3.278
3.278
3.281
3.281
3.286
3.286
3.286
3.286
3.286
3.289
3.289
3.289
3.292
3.292
3.292
3.292
3.292
3.292
3.292
3.292
3.292
3.292
3.3
3.3
3.3
3.3
3.3
3.3
3.3
3.3
3.3
3.3
3.3
3.3
3.3
3.3
3.3
3.3
3.3
3.3
3.3
3.3
3.304
3.306
3.306
3.306
3.308
3.313
3.313
3.313
3.313
3.313
3.316
3.316
3.318
3.318
3.318
3.318
3.325
3.325
3.325
3.327
3.327
3.327
3.333
3.333
3.333
3.333
3.333
3.333
3.333
3.333
3.333
3.333
3.333
3.333
3.333
3.333
3.333
3.333
3.333
3.333
3.333
3.333
3.333
3.342
3.346
3.346
3.348
3.35
3.35
3.35
3.35
3.357
3.357
3.357
3.357
3.357
3.357
3.357
3.357
3.357
3.357
3.357
3.357
3.357
3.357
3.361
3.361
3.361
3.361
3.364
3.364
3.367
3.368
3.368
3.368
3.368
3.375
3.375
3.375
3.375
3.375
3.375
3.375
3.375
3.375
3.375
3.375
3.375
3.375
3.375
3.375
3.375
3.375
3.375
3.375
3.375
3.375
3.38
3.385
3.385
3.389
3.389
3.389
3.389
3.389
3.389
3.389
3.389
3.389
3.389
3.389
3.389
3.389
3.393
3.393
3.393
3.393
3.393
3.393
3.395
3.395
3.4
3.4
3.4
3.4
3.4
3.4
3.4
3.4
3.4
3.4
3.4
3.4
3.4
3.404
3.405
3.406
3.406
3.409
3.409
3.409
3.409
3.409
3.409
3.413
3.417
3.417
3.417
3.417
3.417
3.417
3.417
3.417
3.417
3.417
3.417
3.417
3.417
3.417
3.417
3.417
3.417
3.421
3.421
3.421
3.421
3.421
3.421
3.425
3.425
3.425
3.425
3.425
3.429
3.429
3.429
3.429
3.429
3.429
3.429
3.432
3.432
3.432
3.433
3.433
3.433
3.433
3.433
3.433
3.438
3.438
3.438
3.438
3.438
3.438
3.438
3.438
3.44
3.444
3.444
3.444
3.444
3.444
3.447
3.447
3.447
3.447
3.45
3.45
3.45
3.45
3.45
3.45
3.45
3.45
3.45
3.45
3.452
3.452
3.452
3.452
3.452
3.452
3.452
3.452
3.455
3.458
3.458
3.458
3.458
3.458
3.462
3.462
3.462
3.462
3.462
3.464
3.464
3.464
3.467
3.467
3.467
3.467
3.467
3.467
3.467
3.474
3.474
3.474
3.474
3.475
3.475
3.476
3.476
3.476
3.476
3.476
3.476
3.481
3.5
3.5
3.5
3.5
3.5
3.5
3.5
3.5
3.5
3.5
3.5
3.5
3.5
3.5
3.5
3.5
3.5
3.5
3.5
3.5
3.5
3.5
3.5
3.5
3.5
3.5
3.5
3.5
3.5
3.5
3.5
3.5
3.5
3.5
3.5
3.5
3.5
3.5
3.5
3.5
3.5
3.5
3.5
3.5
3.5
3.5
3.5
3.5
3.5
3.5
3.5
3.5
3.5
3.5
3.5
3.5
3.5
3.5
3.5
3.5
3.5
3.5
3.5
3.5
3.5
3.5
3.5
3.5
3.5
3.5
3.5
3.5
3.5
3.5
3.5
3.5
3.5
3.5
3.5
3.5
3.5
3.5
3.5
3.519
3.52
3.52
3.52
3.52
3.523
3.524
3.524
3.525
3.525
3.525
3.525
3.525
3.526
3.526
3.526
3.533
3.533
3.533
3.533
3.533
3.536
3.536
3.536
3.536
3.536
3.538
3.538
3.54
3.542
3.542
3.542
3.543
3.545
3.545
3.545
3.545
3.545
3.545
3.545
3.548
3.55
3.55
3.55
3.55
3.55
3.556
3.556
3.556
3.556
3.556
3.556
3.558
3.558
3.563
3.563
3.563
3.563
3.563
3.563
3.563
3.563
3.563
3.563
3.563
3.563
3.563
3.567
3.568
3.571
3.571
3.571
3.571
3.571
3.571
3.571
3.571
3.571
3.571
3.571
3.571
3.571
3.571
3.575
3.575
3.575
3.575
3.575
3.579
3.579
3.579
3.583
3.583
3.583
3.583
3.591
3.591
3.591
3.591
3.591
3.591
3.591
3.591
3.591
3.591
3.591
3.591
3.594
3.594
3.594
3.594
3.594
3.594
3.594
3.594
3.594
3.594
3.594
3.596
3.596
3.6
3.6
3.6
3.6
3.6
3.6
3.6
3.6
3.6
3.6
3.6
3.6
3.6
3.6
3.6
3.6
3.6
3.6
3.6
3.6
3.6
3.605
3.605
3.607
3.607
3.607
3.609
3.611
3.611
3.611
3.611
3.611
3.611
3.611
3.611
3.611
3.611
3.611
3.611
3.611
3.615
3.615
3.615
3.615
3.615
3.615
3.615
3.619
3.619
3.625
3.625
3.625
3.625
3.625
3.625
3.625
3.625
3.625
3.625
3.625
3.625
3.625
3.625
3.625
3.625
3.625
3.625
3.625
3.625
3.625
3.625
3.625
3.625
3.625
3.625
3.625
3.625
3.625
3.625
3.636
3.636
3.636
3.636
3.636
3.636
3.639
3.639
3.639
3.639
3.639
3.639
3.639
3.643
3.643
3.643
3.643
3.643
3.643
3.643
3.643
3.643
3.643
3.643
3.643
3.643
3.643
3.643
3.643
3.643
3.643
3.65
3.65
3.65
3.65
3.65
3.65
3.65
3.65
3.65
3.65
3.65
3.65
3.65
3.652
3.654
3.654
3.654
3.654
3.654
3.656
3.656
3.658
3.658
3.658
3.659
3.659
3.659
3.667
3.667
3.667
3.667
3.667
3.667
3.667
3.667
3.667
3.667
3.667
3.667
3.667
3.667
3.667
3.667
3.667
3.667
3.667
3.667
3.667
3.667
3.667
3.675
3.675
3.675
3.675
3.675
3.675
3.675
3.675
3.675
3.675
3.675
3.679
3.679
3.682
3.682
3.682
3.682
3.682
3.682
3.682
3.682
3.682
3.682
3.688
3.688
3.688
3.688
3.688
3.688
3.688
3.688
3.69
3.69
3.692
3.692
3.692
3.692
3.694
3.7
3.7
3.7
3.7
3.7
3.7
3.7
3.7
3.7
3.7
3.7
3.7
3.7
3.7
3.7
3.7
3.7
3.7
3.7
3.7
3.7
3.7
3.7
3.7
3.7
3.7
3.7
3.7
3.705
3.705
3.705
3.705
3.711
3.711
3.711
3.711
3.712
3.712
3.712
3.714
3.714
3.714
3.714
3.714
3.714
3.714
3.714
3.717
3.719
3.719
3.722
3.722
3.722
3.722
3.722
3.722
3.722
3.722
3.722
3.725
3.725
3.727
3.727
3.727
3.727
3.727
3.727
3.727
3.727
3.727
3.731
3.733
3.733
3.733
3.733
3.733
3.733
3.733
3.733
3.737
3.737
3.737
3.737
3.738
3.75
3.75
3.75
3.75
3.75
3.75
3.75
3.75
3.75
3.75
3.75
3.75
3.75
3.75
3.75
3.75
3.75
3.75
3.75
3.75
3.75
3.75
3.75
3.75
3.75
3.75
3.75
3.75
3.75
3.75
3.75
3.75
3.75
3.75
3.75
3.75
3.75
3.75
3.75
3.75
3.762
3.762
3.762
3.762
3.763
3.763
3.763
3.763
3.763
3.763
3.763
3.767
3.767
3.767
3.767
3.769
3.769
3.769
3.773
3.773
3.773
3.773
3.773
3.773
3.773
3.775
3.778
3.778
3.778
3.778
3.778
3.778
3.778
3.778
3.778
3.778
3.778
3.778
3.781
3.781
3.783
3.783
3.783
3.786
3.786
3.786
3.786
3.786
3.786
3.786
3.786
3.786
3.786
3.786
3.786
3.786
3.786
3.786
3.786
3.786
3.786
3.786
3.786
3.786
3.786
3.786
3.786
3.788
3.789
3.789
3.789
3.789
3.789
3.789
3.789
3.789
3.789
3.789
3.792
3.792
3.792
3.794
3.794
3.795
3.8
3.8
3.8
3.8
3.8
3.8
3.8
3.8
3.8
3.8
3.8
3.8
3.8
3.8
3.8
3.8
3.8
3.8
3.8
3.8
3.8
3.8
3.8
3.804
3.804
3.804
3.804
3.806
3.806
3.806
3.806
3.806
3.806
3.806
3.806
3.808
3.808
3.808
3.813
3.813
3.813
3.813
3.813
3.813
3.816
3.816
3.816
3.816
3.818
3.818
3.818
3.821
3.821
3.821
3.825
3.825
3.825
3.825
3.825
3.825
3.833
3.833
3.833
3.833
3.833
3.833
3.833
3.833
3.833
3.833
3.833
3.833
3.833
3.833
3.833
3.833
3.833
3.833
3.833
3.833
3.833
3.833
3.833
3.833
3.833
3.833
3.833
3.833
3.833
3.833
3.841
3.841
3.842
3.842
3.842
3.842
3.842
3.842
3.842
3.844
3.844
3.846
3.848
3.857
3.857
3.857
3.857
3.857
3.857
3.857
3.857
3.861
3.861
3.861
3.861
3.861
3.861
3.864
3.864
3.864
3.864
3.864
3.864
3.864
3.864
3.867
3.867
3.867
3.868
3.868
3.868
3.868
3.868
3.875
3.875
3.875
3.875
3.875
3.875
3.875
3.875
3.875
3.875
3.875
3.875
3.875
3.875
3.875
3.875
3.875
3.875
3.875
3.875
3.875
3.875
3.875
3.875
3.875
3.875
3.875
3.875
3.875
3.875
3.875
3.88
3.88
3.88
3.885
3.885
3.885
3.885
3.885
3.885
3.885
3.886
3.886
3.889
3.889
3.889
3.889
3.889
3.889
3.889
3.889
3.889
3.889
3.889
3.889
3.889
3.893
3.893
3.893
3.893
3.893
3.893
3.893
3.893
3.895
3.895
3.895
3.895
3.895
3.895
3.896
3.896
3.896
3.9
3.9
3.9
3.9
3.9
3.9
3.9
3.9
3.9
3.9
3.9
3.9
3.9
3.9
3.904
3.905
3.905
3.905
3.909
3.909
3.909
3.917
3.917
3.917
3.917
3.917
3.917
3.917
3.917
3.917
3.917
3.917
3.917
3.917
3.921
3.921
3.921
3.921
3.923
3.923
3.923
3.925
3.925
3.925
3.925
3.925
3.925
3.929
3.929
3.929
3.929
3.929
3.929
3.929
3.929
3.929
3.929
3.929
3.929
3.929
3.929
3.933
3.933
3.933
3.933
3.933
3.938
3.938
3.941
3.941
3.942
3.942
3.944
3.944
3.944
3.944
3.944
3.944
3.944
3.944
3.944
3.947
3.947
3.947
3.947
3.947
3.947
3.95
3.95
3.95
3.95
3.95
3.95
3.952
3.952
3.952
3.955
3.955
3.955
3.955
3.955
3.958
3.958
3.958
3.962
3.962
3.964
3.964
3.964
3.967
3.967
3.967
3.967
3.967
3.967
3.967
3.967
3.969
3.969
3.969
3.972
3.972
3.972
3.974
3.974
3.975
3.976
3.976
3.976
3.976
3.976
3.976
3.976
3.977
3.977
3.977
3.977
3.978
3.981
3.981
4.0
4.0
4.0
4.0
4.0
4.0
4.0
4.0
4.0
4.0
4.0
4.0
4.0
4.0
4.0
4.0
4.0
4.0
4.0
4.0
4.0
4.0
4.0
4.0
4.0
4.0
4.0
4.0
4.0
4.0
4.0
4.0
4.0
4.0
4.0
4.0
4.0
4.0
4.0
4.0
4.0
4.0
4.0
4.0
4.0
4.0
4.0
4.0
4.0
4.0
4.0
4.0
4.0
4.0
4.0
4.0
4.0
4.0
4.0
4.0
4.0
4.0
4.0
4.0
4.0
4.0
4.0
4.0
4.0
4.0
4.0
4.0
4.0
4.019
4.024
4.024
4.024
4.024
4.024
4.025
4.025
4.025
4.025
4.026
4.026
4.026
4.026
4.028
4.031
4.031
4.033
4.033
4.033
4.033
4.033
4.036
4.036
4.038
4.038
4.038
4.038
4.038
4.042
4.045
4.045
4.045
4.045
4.045
4.045
4.045
4.048
4.048
4.048
4.048
4.048
4.048
4.048
4.05
4.05
4.053
4.053
4.053
4.053
4.053
4.053
4.053
4.056
4.056
4.056
4.056
4.056
4.056
4.056
4.056
4.056
4.056
4.058
4.063
4.063
4.063
4.063
4.063
4.063
4.063
4.065
4.065
4.067
4.067
4.067
4.067
4.067
4.067
4.067
4.067
4.067
4.067
4.067
4.067
4.067
4.071
4.071
4.071
4.071
4.071
4.071
4.071
4.071
4.071
4.071
4.075
4.075
4.075
4.075
4.075
4.075
4.075
4.077
4.077
4.077
4.079
4.08
4.08
4.08
4.08
4.083
4.091
4.091
4.094
4.094
4.094
4.095
4.095
4.1
4.1
4.1
4.1
4.1
4.1
4.1
4.1
4.1
4.1
4.1
4.1
4.1
4.1
4.1
4.1
4.1
4.105
4.105
4.105
4.105
4.107
4.107
4.107
4.107
4.111
4.111
4.111
4.111
4.111
4.111
4.111
4.111
4.111
4.111
4.111
4.111
4.114
4.114
4.125
4.125
4.125
4.125
4.125
4.125
4.125
4.125
4.125
4.125
4.125
4.125
4.125
4.125
4.125
4.125
4.125
4.125
4.125
4.125
4.125
4.125
4.125
4.125
4.125
4.125
4.125
4.125
4.125
4.125
4.125
4.125
4.125
4.125
4.125
4.132
4.132
4.132
4.132
4.133
4.133
4.133
4.133
4.135
4.136
4.136
4.136
4.136
4.139
4.139
4.139
4.14
4.14
4.14
4.14
4.143
4.143
4.143
4.143
4.143
4.15
4.15
4.15
4.15
4.15
4.15
4.15
4.15
4.15
4.15
4.15
4.15
4.152
4.152
4.152
4.152
4.152
4.152
4.154
4.154
4.154
4.154
4.154
4.154
4.158
4.158
4.158
4.158
4.16
4.16
4.16
4.16
4.167
4.167
4.167
4.167
4.167
4.167
4.167
4.167
4.167
4.167
4.167
4.167
4.167
4.167
4.167
4.167
4.167
4.167
4.167
4.167
4.167
4.167
4.167
4.167
4.167
4.167
4.167
4.167
4.167
4.167
4.167
4.167
4.167
4.173
4.173
4.173
4.173
4.173
4.175
4.175
4.175
4.175
4.175
4.179
4.179
4.179
4.179
4.179
4.182
4.182
4.184
4.184
4.184
4.184
4.184
4.188
4.188
4.188
4.188
4.188
4.188
4.188
4.188
4.188
4.188
4.188
4.188
4.188
4.19
4.192
4.192
4.192
4.194
4.194
4.194
4.194
4.194
4.194
4.194
4.194
4.194
4.194
4.194
4.2
4.2
4.2
4.2
4.2
4.2
4.2
4.2
4.2
4.2
4.2
4.2
4.2
4.2
4.2
4.2
4.2
4.2
4.2
4.2
4.2
4.2
4.2
4.2
4.2
4.2
4.2
4.208
4.208
4.208
4.208
4.208
4.208
4.208
4.211
4.211
4.214
4.214
4.222
4.222
4.222
4.222
4.222
4.222
4.222
4.222
4.222
4.222
4.222
4.222
4.222
4.222
4.222
4.222
4.222
4.225
4.225
4.225
4.225
4.225
4.225
4.225
4.225
4.225
4.227
4.227
4.227
4.227
4.233
4.233
4.233
4.233
4.233
4.237
4.237
4.237
4.237
4.237
4.238
4.238
4.238
4.238
4.24
4.24
4.25
4.25
4.25
4.25
4.25
4.25
4.25
4.25
4.25
4.25
4.25
4.25
4.25
4.25
4.25
4.25
4.25
4.25
4.25
4.25
4.25
4.25
4.25
4.25
4.25
4.25
4.25
4.25
4.25
4.25
4.25
4.25
4.25
4.25
4.25
4.25
4.25
4.26
4.26
4.26
4.262
4.262
4.262
4.262
4.262
4.262
4.262
4.262
4.263
4.263
4.269
4.275
4.275
4.275
4.275
4.278
4.278
4.278
4.278
4.278
4.278
4.278
4.278
4.281
4.286
4.286
4.286
4.286
4.286
4.286
4.286
4.288
4.289
4.289
4.289
4.289
4.289
4.289
4.292
4.292
4.292
4.292
4.292
4.292
4.292
4.292
4.292
4.292
4.292
4.295
4.295
4.295
4.3
4.3
4.3
4.3
4.3
4.3
4.3
4.3
4.3
4.3
4.3
4.3
4.3
4.3
4.3
4.3
4.3
4.3
4.3
4.3
4.3
4.3
4.3
4.3
4.3
4.3
4.3
4.3
4.3
4.3
4.304
4.306
4.306
4.306
4.31
4.31
4.313
4.313
4.313
4.313
4.316
4.321
4.321
4.321
4.321
4.321
4.325
4.325
4.325
4.325
4.325
4.325
4.333
4.333
4.333
4.333
4.333
4.333
4.333
4.333
4.333
4.333
4.333
4.333
4.333
4.333
4.333
4.333
4.333
4.333
4.333
4.333
4.333
4.333
4.333
4.333
4.333
4.333
4.333
4.333
4.333
4.333
4.333
4.333
4.333
4.341
4.342
4.342
4.342
4.342
4.342
4.342
4.344
4.344
4.344
4.35
4.35
4.35
4.35
4.35
4.35
4.357
4.357
4.357
4.357
4.357
4.357
4.357
4.357
4.357
4.357
4.361
4.361
4.361
4.361
4.367
4.367
4.368
4.368
4.368
4.368
4.368
4.375
4.375
4.375
4.375
4.375
4.375
4.375
4.375
4.375
4.375
4.375
4.375
4.375
4.375
4.381
4.381
4.381
4.385
4.385
4.389
4.389
4.389
4.389
4.389
4.389
4.389
4.389
4.389
4.389
4.389
4.389
4.389
4.389
4.389
4.389
4.393
4.393
4.393
4.395
4.395
4.395
4.395
4.4
4.4
4.4
4.4
4.4
4.4
4.4
4.4
4.4
4.4
4.4
4.4
4.4
4.4
4.4
4.4
4.4
4.4
4.4
4.405
4.406
4.417
4.417
4.417
4.417
4.417
4.417
4.421
4.421
4.421
4.421
4.421
4.421
4.421
4.423
4.423
4.423
4.423
4.425
4.425
4.425
4.425
4.425
4.425
4.429
4.429
4.429
4.429
4.429
4.429
4.429
4.429
4.429
4.429
4.429
4.429
4.438
4.438
4.438
4.438
4.444
4.444
4.444
4.444
4.444
4.444
4.444
4.444
4.444
4.444
4.444
4.444
4.444
4.444
4.444
4.444
4.447
4.45
4.45
4.45
4.45
4.45
4.452
4.452
4.455
4.455
4.457
4.457
4.457
4.458
4.458
4.458
4.464
4.464
4.464
4.464
4.464
4.464
4.464
4.464
4.464
4.464
4.467
4.467
4.467
4.467
4.467
4.472
4.472
4.472
4.472
4.472
4.472
4.472
4.472
4.472
4.472
4.472
4.472
4.472
4.472
4.474
4.475
4.475
4.475
4.475
4.475
4.475
4.475
4.475
4.475
4.475
4.476
4.476
4.476
4.476
4.476
4.476
4.476
4.476
4.479
4.5
4.5
4.5
4.5
4.5
4.5
4.5
4.5
4.5
4.5
4.5
4.5
4.5
4.5
4.5
4.5
4.5
4.5
4.5
4.5
4.5
4.5
4.5
4.5
4.5
4.5
4.5
4.5
4.5
4.5
4.5
4.5
4.5
4.5
4.5
4.5
4.5
4.5
4.5
4.5
4.5
4.5
4.5
4.5
4.5
4.5
4.5
4.5
4.5
4.5
4.5
4.5
4.5
4.5
4.5
4.5
4.5
4.5
4.5
4.5
4.5
4.5
4.5
4.5
4.5
4.52
4.524
4.524
4.524
4.524
4.524
4.524
4.525
4.525
4.525
4.525
4.525
4.525
4.525
4.525
4.525
4.528
4.531
4.531
4.531
4.533
4.533
4.533
4.533
4.533
4.533
4.533
4.536
4.536
4.536
4.536
4.536
4.54
4.542
4.542
4.542
4.542
4.542
4.542
4.545
4.545
4.545
4.545
4.548
4.548
4.548
4.548
4.548
4.548
4.55
4.55
4.55
4.55
4.553
4.553
4.553
4.553
4.553
4.553
4.553
4.553
4.553
4.556
4.556
4.556
4.556
4.556
4.556
4.556
4.556
4.556
4.556
4.556
4.556
4.556
4.556
4.556
4.556
4.556
4.556
4.556
4.556
4.556
4.556
4.556
4.56
4.56
4.563
4.563
4.563
4.563
4.563
4.563
4.563
4.563
4.563
4.563
4.563
4.567
4.567
4.567
4.567
4.567
4.567
4.567
4.567
4.567
4.567
4.567
4.567
4.567
4.567
4.571
4.571
4.571
4.571
4.571
4.571
4.571
4.571
4.571
4.571
4.571
4.575
4.575
4.575
4.575
4.579
4.58
4.58
4.58
4.583
4.583
4.583
4.583
4.583
4.583
4.583
4.583
4.583
4.583
4.583
4.583
4.583
4.583
4.587
4.587
4.587
4.587
4.587
4.591
4.591
4.591
4.591
4.591
4.591
4.591
4.594
4.595
4.6
4.6
4.6
4.6
4.6
4.6
4.6
4.6
4.6
4.6
4.6
4.605
4.605
4.605
4.605
4.605
4.605
4.607
4.607
4.607
4.607
4.607
4.607
4.607
4.607
4.611
4.611
4.611
4.611
4.611
4.611
4.611
4.611
4.611
4.615
4.615
4.615
4.619
4.625
4.625
4.625
4.625
4.625
4.625
4.625
4.625
4.625
4.625
4.625
4.625
4.625
4.625
4.632
4.632
4.633
4.639
4.639
4.639
4.639
4.639
4.643
4.643
4.643
4.643
4.643
4.643
4.643
4.643
4.643
4.643
4.643
4.643
4.643
4.643
4.643
4.643
4.643
4.65
4.65
4.65
4.65
4.656
4.656
4.658
4.658
4.658
4.66
4.66
4.667
4.667
4.667
4.667
4.667
4.667
4.667
4.667
4.667
4.667
4.667
4.667
4.667
4.667
4.667
4.667
4.667
4.667
4.667
4.667
4.667
4.667
4.667
4.667
4.667
4.667
4.667
4.667
4.667
4.667
4.667
4.674
4.675
4.675
4.675
4.675
4.675
4.679
4.679
4.679
4.684
4.69
4.694
4.694
4.694
4.7
4.7
4.7
4.7
4.7
4.7
4.7
4.7
4.7
4.7
4.7
4.7
4.7
4.7
4.708
4.708
4.708
4.711
4.711
4.714
4.714
4.714
4.714
4.714
4.714
4.717
4.717
4.717
4.717
4.717
4.719
4.719
4.719
4.719
4.719
4.722
4.722
4.722
4.722
4.725
4.725
4.733
4.733
4.733
4.733
4.733
4.733
4.737
4.737
4.737
4.75
4.75
4.75
4.75
4.75
4.75
4.75
4.75
4.75
4.75
4.75
4.75
4.75
4.75
4.75
4.75
4.75
4.75
4.75
4.75
4.75
4.75
4.75
4.75
4.75
4.75
4.75
4.75
4.762
4.762
4.762
4.762
4.762
4.763
4.763
4.763
4.767
4.767
4.767
4.775
4.775
4.778
4.778
4.778
4.778
4.778
4.778
4.778
4.778
4.778
4.778
4.786
4.786
4.786
4.786
4.786
4.786
4.786
4.786
4.786
4.786
4.786
4.786
4.789
4.789
4.789
4.792
4.792
4.792
4.792
4.792
4.8
4.8
4.8
4.8
4.8
4.8
4.8
4.8
4.8
4.8
4.8
4.8
4.8
4.8
4.8
4.806
4.806
4.806
4.808
4.808
4.808
4.808
4.818
4.82
4.82
4.82
4.82
4.821
4.821
4.821
4.821
4.821
4.821
4.821
4.821
4.821
4.825
4.825
4.825
4.825
4.825
4.833
4.833
4.833
4.833
4.833
4.833
4.833
4.833
4.833
4.833
4.833
4.833
4.833
4.833
4.833
4.833
4.833
4.833
4.833
4.833
4.833
4.842
4.842
4.842
4.842
4.842
4.842
4.842
4.844
4.844
4.846
4.846
4.846
4.846
4.846
4.846
4.85
4.85
4.857
4.857
4.857
4.857
4.857
4.857
4.857
4.857
4.857
4.857
4.857
4.861
4.861
4.861
4.867
4.867
4.867
4.868
4.875
4.875
4.875
4.875
4.875
4.875
4.875
4.875
4.875
4.875
4.875
4.875
4.875
4.875
4.875
4.875
4.881
4.881
4.881
4.881
4.889
4.889
4.889
4.889
4.889
4.889
4.889
4.889
4.889
4.889
4.895
4.895
4.895
4.9
4.9
4.9
4.9
4.9
4.9
4.9
4.9
4.9
4.9
4.9
4.9
4.9
4.9
4.9
4.9
4.9
4.906
4.906
4.906
4.906
4.909
4.909
4.917
4.917
4.917
4.917
4.917
4.917
4.917
4.917
4.921
4.921
4.921
4.921
4.921
4.923
4.925
4.925
4.925
4.925
4.929
4.929
4.929
4.933
4.933
4.933
4.933
4.933
4.938
4.938
4.938
4.938
4.94
4.944
4.944
4.944
4.944
4.944
4.944
4.944
4.944
4.944
4.944
4.944
4.944
4.944
4.944
4.947
4.947
4.947
4.95
4.952
4.958
4.958
4.958
4.958
4.958
4.958
4.964
4.964
4.964
4.964
4.964
4.964
4.964
4.964
4.972
4.974
4.974
4.975
5.0
5.0
5.0
5.0
5.0
5.0
5.0
5.0
5.0
5.0
5.0
5.0
5.0
5.0
5.0
5.0
5.0
5.0
5.0
5.0
5.0
5.0
5.0
5.0
5.0
5.0
5.0
5.0
5.0
5.0
5.0
5.0
5.0
5.0
5.0
5.0
5.0
5.0
5.0
5.0
5.0
5.0
5.0
5.0
5.019
5.025
5.025
5.025
5.026
5.026
5.026
5.026
5.026
5.026
5.028
5.028
5.028
5.028
5.028
5.028
5.028
5.028
5.031
5.031
5.033
5.033
5.033
5.036
5.036
5.036
5.036
5.036
5.036
5.038
5.038
5.038
5.038
5.038
5.038
5.042
5.042
5.042
5.042
5.042
5.042
5.042
5.042
5.048
5.05
5.05
5.05
5.05
5.056
5.056
5.056
5.056
5.056
5.056
5.056
5.056
5.056
5.056
5.056
5.056
5.056
5.056
5.056
5.063
5.063
5.067
5.067
5.067
5.067
5.071
5.071
5.071
5.071
5.071
5.071
5.071
5.071
5.071
5.071
5.071
5.075
5.075
5.075
5.075
5.075
5.075
5.075
5.075
5.075
5.075
5.075
5.075
5.075
5.075
5.075
5.077
5.079
5.083
5.094
5.094
5.094
5.094
5.094
5.094
5.1
5.1
5.1
5.1
5.1
5.1
5.1
5.1
5.1
5.1
5.1
5.1
5.1
5.1
5.1
5.1
5.1
5.1
5.1
5.1
5.1
5.1
5.1
5.105
5.105
5.105
5.105
5.105
5.105
5.105
5.105
5.105
5.105
5.105
5.105
5.105
5.105
5.105
5.107
5.107
5.107
5.107
5.107
5.107
5.107
5.107
5.111
5.111
5.111
5.111
5.111
5.111
5.111
5.111
5.111
5.111
5.111
5.111
5.111
5.111
5.111
5.111
5.111
5.125
5.125
5.125
5.125
5.125
5.132
5.132
5.133
5.133
5.139
5.139
5.139
5.139
5.139
5.139
5.139
5.139
5.139
5.139
5.139
5.139
5.14
5.143
5.143
5.143
5.143
5.143
5.143
5.143
5.15
5.15
5.15
5.154
5.156
5.156
5.156
5.156
5.158
5.16
5.167
5.167
5.167
5.167
5.167
5.167
5.167
5.167
5.167
5.167
5.167
5.167
5.167
5.167
5.167
5.167
5.167
5.167
5.175
5.175
5.175
5.175
5.175
5.175
5.175
5.175
5.175
5.179
5.179
5.179
5.179
5.179
5.179
5.179
5.184
5.184
5.188
5.188
5.188
5.192
5.192
5.192
5.192
5.192
5.192
5.192
5.192
5.194
5.194
5.194
5.194
5.194
5.194
5.194
5.2
5.2
5.2
5.2
5.2
5.2
5.2
5.2
5.2
5.2
5.2
5.2
5.211
5.211
5.212
5.212
5.214
5.214
5.214
5.214
5.214
5.214
5.214
5.214
5.214
5.219
5.222
5.222
5.222
5.222
5.222
5.222
5.222
5.222
5.222
5.225
5.225
5.227
5.227
5.233
5.233
5.233
5.233
5.237
5.237
5.237
5.238
5.238
5.238
5.238
5.238
5.25
5.25
5.25
5.25
5.25
5.25
5.25
5.25
5.25
5.262
5.263
5.263
5.263
5.263
5.263
5.263
5.275
5.275
5.275
5.275
5.275
5.275
5.275
5.275
5.275
5.275
5.275
5.275
5.278
5.278
5.278
5.278
5.278
5.278
5.278
5.278
5.278
5.278
5.278
5.278
5.278
5.278
5.283
5.286
5.286
5.286
5.289
5.289
5.289
5.289
5.289
5.289
5.292
5.292
5.292
5.292
5.295
5.3
5.3
5.3
5.3
5.3
5.3
5.3
5.3
5.3
5.3
5.3
5.3
5.3
5.306
5.306
5.306
5.306
5.306
5.313
5.313
5.313
5.313
5.313
5.316
5.316
5.316
5.316
5.321
5.321
5.325
5.325
5.325
5.325
5.325
5.325
5.333
5.333
5.333
5.333
5.333
5.333
5.333
5.333
5.333
5.333
5.333
5.333
5.333
5.333
5.333
5.333
5.342
5.344
5.344
5.346
5.348
5.348
5.35
5.357
5.357
5.357
5.357
5.361
5.361
5.361
5.361
5.364
5.367
5.368
5.368
5.368
5.381
5.381
5.381
5.381
5.389
5.389
5.389
5.393
5.393
5.4
5.4
5.4
5.4
5.4
5.4
5.4
5.4
5.4
5.4
5.4
5.4
5.4
5.4
5.4
5.4
5.409
5.409
5.417
5.417
5.417
5.421
5.421
5.425
5.425
5.425
5.429
5.429
5.429
5.429
5.429
5.429
5.429
5.432
5.433
5.433
5.433
5.444
5.444
5.444
5.444
5.444
5.444
5.444
5.444
5.455
5.458
5.458
5.458
5.458
5.458
5.462
5.462
5.462
5.462
5.464
5.464
5.464
5.467
5.467
5.472
5.472
5.472
5.472
5.472
5.474
5.475
5.475
5.5
5.5
5.5
5.5
5.5
5.5
5.5
5.5
5.5
5.5
5.5
5.5
5.5
5.5
5.5
5.5
5.5
5.5
5.5
5.5
5.5
5.5
5.5
5.5
5.5
5.5
5.5
5.5
5.5
5.5
5.5
5.524
5.524
5.525
5.525
5.528
5.54
5.54
5.542
5.542
5.542
5.542
5.545
5.548
5.55
5.553
5.553
5.553
5.553
5.556
5.556
5.556
5.556
5.556
5.556
5.556
5.556
5.556
5.556
5.563
5.563
5.563
5.571
5.571
5.571
5.571
5.571
5.571
5.575
5.575
5.579
5.579
5.583
5.583
5.583
5.583
5.595
5.595
5.6
5.6
5.6
5.6
5.6
5.6
5.6
5.6
5.6
5.6
5.611
5.611
5.611
5.611
5.611
5.611
5.611
5.611
5.611
5.611
5.615
5.615
5.619
5.625
5.625
5.625
5.625
5.625
5.625
5.625
5.625
5.625
5.625
5.625
5.643
5.643
5.643
5.643
5.643
5.643
5.643
5.654
5.654
5.654
5.667
5.667
5.667
5.667
5.667
5.667
5.667
5.667
5.667
5.667
5.667
5.674
5.674
5.674
5.674
5.675
5.675
5.675
5.675
5.679
5.694
5.694
5.694
5.696
5.7
5.7
5.7
5.705
5.705
5.705
5.708
5.714
5.714
5.714
5.717
5.717
5.717
5.722
5.725
5.737
5.737
5.738
5.75
5.75
5.75
5.75
5.75
5.75
5.75
5.75
5.75
5.75
5.76
5.767
5.769
5.769
5.769
5.775
5.775
5.778
5.778
5.778
5.778
5.778
5.789
5.789
5.789
5.789
5.792
5.795
5.8
5.8
5.8
5.8
5.8
5.8
5.8
5.806
5.816
5.821
5.821
5.821
5.821
5.833
5.833
5.833
5.833
5.833
5.833
5.833
5.833
5.833
5.833
5.833
5.833
5.833
5.833
5.833
5.833
5.833
5.833
5.833
5.833
5.857
5.857
5.857
5.857
5.857
5.857
5.864
5.875
5.875
5.875
5.875
5.875
5.881
5.881
5.889
5.893
5.895
5.9
5.9
5.9
5.9
5.905
5.905
5.906
5.912
5.917
5.917
5.921
5.933
5.938
5.944
5.944
5.944
5.947
5.947
5.95
5.958
5.958
5.964
5.969
6.0
6.0
6.0
6.0
6.0
6.0
6.0
6.0
6.0
6.0
6.0
6.0
6.0
6.0
6.0
6.0
6.0
6.0
6.0
6.0
6.0
6.0
6.0
6.0
6.0
6.025
6.026
6.033
6.038
6.048
6.048
6.05
6.056
6.056
6.056
6.056
6.056
6.056
6.063
6.063
6.063
6.067
6.067
6.067
6.067
6.075
6.075
6.075
6.083
6.083
6.083
6.083
6.083
6.083
6.091
6.1
6.1
6.1
6.1
6.105
6.105
6.105
6.105
6.107
6.107
6.107
6.107
6.107
6.111
6.111
6.111
6.111
6.111
6.114
6.125
6.125
6.125
6.125
6.125
6.132
6.132
6.133
6.133
6.133
6.139
6.143
6.15
6.167
6.167
6.167
6.167
6.167
6.167
6.167
6.175
6.184
6.184
6.184
6.184
6.194
6.194
6.2
6.2
6.2
6.222
6.222
6.225
6.225
6.225
6.237
6.24
6.25
6.25
6.25
6.25
6.25
6.25
6.25
6.25
6.25
6.25
6.263
6.263
6.269
6.269
6.273
6.273
6.275
6.278
6.278
6.288
6.288
6.288
6.289
6.289
6.289
6.289
6.289
6.3
6.3
6.333
6.333
6.333
6.333
6.333
6.333
6.333
6.333
6.333
6.333
6.333
6.346
6.35
6.357
6.357
6.357
6.357
6.357
6.361
6.375
6.375
6.375
6.375
6.375
6.375
6.375
6.375
6.38
6.38
6.38
6.386
6.386
6.389
6.393
6.395
6.395
6.395
6.4
6.4
6.4
6.4
6.4
6.4
6.417
6.417
6.429
6.444
6.444
6.45
6.455
6.455
6.455
6.462
6.467
6.467
6.5
6.5
6.5
6.5
6.524
6.524
6.526
6.528
6.528
6.528
6.528
6.533
6.538
6.538
6.538
6.556
6.556
6.556
6.556
6.556
6.556
6.556
6.556
6.571
6.575
6.6
6.611
6.625
6.625
6.625
6.625
6.625
6.625
6.625
6.675
6.675
6.675
6.7
6.7
6.7
6.714
6.714
6.722
6.722
6.722
6.722
6.722
6.763
6.763
6.763
6.775
6.778
6.786
6.8
6.813
6.833
6.833
6.833
6.833
6.833
6.861
6.861
6.868
6.875
6.889
6.9
6.9
6.9
6.9
6.9
6.9
6.9
6.9
6.938
6.938
6.938
6.976
7.0
7.0
7.0
7.0
7.0
7.025
7.025
7.025
7.025
7.028
7.033
7.1
7.1
7.1
7.1
7.125
7.143
7.156
7.175
7.214
7.214
7.214
7.237
7.237
7.237
7.25
7.25
7.25
7.25
7.278
7.278
7.278
7.278
7.278
7.278
7.35
7.35
7.35
7.375
7.425
7.425
7.425
7.444
7.556
7.556
7.667
7.667
7.833
7.85
8.0
8.0
8.111
8.458
8.458
8.708
8.708
8.708
8.708
8.833
9.05
